3396
3319
2313
2241
2370
2442
2659
2656
2292
2044
2046
2318
2458
2434
2358
2660
2919
2861
3183
3427
4185
5023
5021
5167
5358
5488
5619
5638
5628
5434
5726
5670
5267
4944
4618
4489
4174
3836
3829
3543
3352
3183
3166
3327
3235
3258
3396
3313
3333
3303
3414
3312
3191
3145
3287
3201
3138
3153
3250
3073
3103
3014
2991
3179
3131
3124
2838
2697
2499
2460
2385
2236
2187
2160
2115
1955
1914
1854
1833
1835
1800
1670
1690
1634
1527
1495
1539
1544
1596
1597
1510
1613
1560
1735
1702
1621
1642
1667
1652
1729
1709
1715
1728
1676
1690
1662
1658
1717
1662
1654
1690
1740
1740
1702
1740
1650
1608
1611
1559
1550
1591
1556
1513
1445
1401
1404
1417
1367
1423
1369
1430
1372
1364
1255
1258
1175
1173
1140
1134
1077
1141
1065
1035
972
1014
1008
1016
998
978
1020
1038
1041
1060
1057
1045
994
1049
1006
1028
1072
1063
1107
1096
1145
1093
1106
1157
1169
1225
1263
1147
1343
1311
1299
1292
1208
1300
1313
1262
1237
1155
1188
1196
1264
1211
1211
1227
1220
1318
1357
1450
1588
1768
1980
1942
2029
2008
2041
2038
2158
2145
2307
2288
2474
2758
2712
2748
2715
2925
3041
3450
3508
3241
3040
2583
2446
2248
2247
2160
2195
2228
2559
2716
2836
3647
3938
3503
3130
2818
2799
2781
2611
2555
2490
2421
2550
2484
2470
2441
2351
2355
2525
2614
2632
2540
2495
2490
2829
2592
2372
2976
5046
9487
5319
18474
692
