0
0
0
1
4
3
3
14
9
18
20
28
39
42
49
46
70
64
81
96
142
220
245
191
179
165
190
260
338
440
568
665
912
975
990
1107
1506
1414
1095
894
793
976
1033
1202
1214
1056
1033
1045
958
956
964
893
885
837
836
809
763
784
774
734
719
760
791
802
809
881
914
935
869
918
955
1030
1091
1058
1229
1300
1417
1584
1610
1519
1448
1443
1443
1349
1457
1411
1480
1522
1705
1928
1955
2289
2354
2316
2708
2977
2647
2396
2236
2214
2191
2459
2776
3195
2989
2878
2734
2454
2233
1945
1852
1851
1742
1709
1592
1531
1586
1541
1462
1564
1596
1646
1648
1671
1735
1881
2524
2441
1998
1794
1638
1779
1658
1659
1623
1681
1786
1999
2108
2143
2062
1940
2024
2300
2437
2443
2392
2300
2150
2125
1872
1619
1485
1411
1333
1343
1272
1278
1243
1292
1308
1632
1665
1824
2014
2106
2069
1892
1760
1768
1597
1647
1638
1518
1584
1553
1593
1532
1565
1495
1474
1540
1507
1524
1563
1726
1794
1847
2007
2136
2275
2227
2268
2499
2512
2493
2519
2462
2465
2371
2389
2322
2361
2444
2520
2509
2501
2667
2689
2783
2895
2989
3173
3375
3486
3411
3502
3753
3724
3719
4304
4838
4557
4597
4800
4608
4628
4647
5062
4657
4885
4128
4439
4499
4944
5873
6250
8464
13243
8711
5926
7160
5982
5124
5605
6987
6008
7961
9752
12716
8579
6125
10926
7122
18210
4992
