13051
71462
27816
18232
14941
12688
9955
9273
8436
7181
7330
6736
6378
6029
5498
5434
4967
4735
4707
4140
4002
3855
3668
3536
3384
3176
3276
3047
2870
2815
2715
2741
2829
2800
2791
2653
2709
2698
2788
2692
2900
2946
2870
2945
3061
3097
3143
3416
3449
3502
3587
3808
3891
4267
4552
4648
4992
5374
5731
6352
6557
7396
8039
9198
10831
13944
22825
259675
59553
43810
31381
22960
18187
14275
11485
9793
8703
7612
6843
6466
5974
5663
5277
5125
4881
4861
4777
4745
4705
4743
4772
4785
4918
5093
5117
5144
5508
5525
5701
6044
6276
6498
6517
7073
7187
7549
7898
8216
8217
8562
8889
9143
9476
9654
10003
10288
10201
10728
10766
10592
11254
11006
11011
10615
10868
10767
10486
10261
10066
9892
9655
9490
9140
8895
8749
8365
8034
7927
7417
7002
6846
6746
6385
6212
5965
5776
5653
5465
5226
5431
5077
5006
4851
4963
5000
4906
5120
5104
5278
5538
5791
6087
6842
7260
7937
8769
9862
11260
12792
15983
21730
69056
275899
40519
21139
15276
12614
11037
9571
8431
7772
6978
6171
5794
5161
4821
4683
4197
3868
3688
3515
3183
3152
3089
2973
2799
2652
2638
2545
2509
2343
2286
2167
2139
2114
2098
2093
2189
1987
2052
2082
2082
2019
2053
2107
2126
2080
1999
2049
2158
2046
2177
2078
2235
2309
2265
2482
2579
2508
2784
2965
3315
3020
3692
3944
3710
4384
4744
4599
5695
5766
5838
7122
7181
7975
7638
8521
9250
9527
11367
12938
16063
22158
23212
20462
68356